Epsilon: 0.5, Average Variance / N: 0.2928705271389265
Epsilon: 1, Average Variance / N: 0.0711727350367191
Epsilon: 2, Average Variance / N: 0.016860520167292233
Epsilon: 4, Average Variance / N: 0.0033323724751562343
